	T	D	J	LP
Instant	0
1	0	0	0	0
2	0	0	0	0
3	0	0	0	0
4	0	0	0	0
11	0	0	0	0
12	0	0	0	0
13	0	0	0	0
14	0	0	0	0
Instant	1
1	332	33	2	0
2	11	13	0	0
3	28	60	13	1.22951
4	102	13	0	0
11	12	18	0	0
12	31	70	6	5.84239
13	1	13	0	0
14	3	57	11	0.299658
Instant	2
1	1516	31	3	0.486163
2	36	13	0	0
3	26	72	17	5.97535
4	685	14	0	0
11	69	17	0	0
12	28	74	15	3.72243
13	4	13	0	0
14	19	50	6	1.07265
Instant	3
1	1257	31	3	0.776256
2	21	13	0	0
3	33	81	23	6.28931
4	646	13	0	0
11	58	18	0	0
12	27	52	11	0.551471
13	5	13	0	0
14	21	53	6	1.24371
Instant	4
1	863	29	2	0.439189
2	33	13	0	0
3	24	71	20	4.06315
4	553	14	0	0
11	38	18	0	0
12	19	55	12	0.844595
13	5	13	0	0
14	18	50	6	0.93934
Instant	5
1	826	28	2	0.212465
2	25	13	0	0
3	22	74	25	6.18365
4	428	13	0	0
11	36	17	0	0
12	25	66	11	0.367647
13	4	13	0	0
14	14	51	6	0.927187
Instant	6
1	756	30	2	0
2	30	13	0	0
3	32	71	25	5.71795
4	390	13	0	0
11	32	18	0	0
12	24	81	10	0.321691
13	5	13	0	0
14	13	50	8	0.999171
Instant	7
1	670	28	2	0.261324
2	27	13	0	0
3	34	77	16	9.03226
4	361	13	0	0
11	29	18	0	0
12	29	53	9	0.548986
13	4	13	0	0
14	12	52	6	0.866559
Instant	8
1	712	27	2	0
2	20	13	0	0
3	18	75	17	6.32465
4	366	13	0	0
11	31	18	0	0
12	30	63	7	0.183824
13	4	13	0	0
14	12	50	7	0.760406
Instant	9
1	699	28	2	0.125628
2	17	13	0	0
3	27	75	18	7.36979
4	335	13	0	0
11	30	18	0	0
12	23	71	12	0.551471
13	4	13	0	0
14	11	50	8	0.856562
Instant	10
1	726	28	2	0
2	16	13	0	0
3	40	65	20	3.68976
4	321	13	0	0
11	31	17	0	0
12	19	64	9	0.548986
13	5	13	0	0
14	10	50	8	0.906237
Instant	11
1	711	28	2	0.250836
2	35	13	0	0
3	28	75	14	9.30294
4	322	13	0	0
11	30	18	0	0
12	29	77	8	0.505515
13	5	13	0	0
14	10	49	9	0.822302
Instant	12
1	637	30	2	0
2	20	13	0	0
3	34	65	22	4.41799
4	325	13	0	0
11	27	18	0	0
12	26	52	3	0.367647
13	4	13	0	0
14	10	47	7	1.0104
Instant	13
1	573	29	2	0.59761
2	21	13	0	0
3	36	73	17	5.97484
4	303	13	0	0
11	25	18	0	0
12	29	52	11	0.223214
13	5	13	0	0
14	9	52	8	0.952075
Instant	14
1	580	29	1	0.588235
2	19	13	0	0
3	20	82	17	6.72131
4	328	13	0	0
11	26	18	0	0
12	6	41	10	1.24081
13	4	13	0	0
14	11	50	8	0.763396
Instant	15
1	628	29	2	0
2	26	13	0	0
3	34	60	28	5.24691
4	330	13	0	0
11	27	19	0	0
12	24	66	10	0.827206
13	5	13	0	0
14	11	49	8	0.771423
Instant	16
1	621	29	2	0.362319
2	31	13	0	0
3	31	71	20	6.41994
4	355	13	0	0
11	28	17	0	0
12	20	46	15	0.506757
13	5	13	0	0
14	12	51	8	0.730194
Instant	17
1	564	30	3	0.419287
2	22	13	0	0
3	35	80	23	6.28743
4	348	13	0	0
11	24	18	0	0
12	27	70	13	0.367647
13	5	13	0	0
14	11	49	7	0.815623
Instant	18
1	632	28	1	0
2	22	13	0	0
3	35	62	25	5.64103
4	320	13	0	0
11	27	18	0	0
12	26	67	12	0.367647
13	5	13	0	0
14	10	52	8	0.939394
Instant	19
1	632	27	1	0.545455
2	31	13	0	0
3	21	73	15	7.08078
4	352	13	0	0
11	28	19	1	0
12	13	53	16	0.802365
13	5	13	0	0
14	12	54	8	0.669066
Instant	20
1	613	26	1	0.237643
2	37	13	0	0
3	30	72	25	8.2314
4	335	13	0	0
11	27	18	0	0
12	14	73	7	0.965074
13	4	13	0	0
14	11	50	8	0.793651
Instant	21
1	585	27	1	0.39604
2	30	13	0	0
3	25	68	25	5.56452
4	313	13	0	0
11	25	17	0	0
12	32	53	12	0.321691
13	5	13	0	0
14	10	49	9	0.875567
Instant	22
1	586	28	1	0.293542
2	31	13	0	0
3	25	77	18	7.01346
4	338	13	0	0
11	26	17	0	0
12	23	58	9	0.548986
13	4	13	0	0
14	12	53	8	0.672043
Instant	23
1	556	28	1	0.632911
2	28	13	0	0
3	25	75	17	6.57203
4	338	13	0	0
11	24	19	1	0
12	33	60	11	0.0459559
13	5	13	0	0
14	11	50	8	0.870862
Instant	24
1	452	30	2	1.10294
2	23	13	0	0
3	37	72	17	5.58152
4	323	13	0	0
11	20	18	0	0
12	21	76	10	0.551471
13	4	13	0	0
14	10	51	7	0.959992
Instant	25
1	555	27	3	0.367647
2	24	13	0	0
3	23	75	20	5.25188
4	341	13	0	0
11	24	18	0	0
12	27	55	8	0.372024
13	4	13	0	0
14	11	52	8	0.812429
Instant	26
1	539	30	2	0.375536
2	25	13	0	0
3	31	77	20	4.82724
4	348	13	0	0
11	23	18	1	0.321888
12	17	76	9	0.965074
13	5	13	0	0
14	12	53	9	0.741881
Instant	27
1	565	30	2	0.0513347
2	18	13	0	0
3	34	69	15	8.05639
4	375	13	0	0
11	24	18	1	0
12	27	69	4	0.413603
13	5	13	0	0
14	13	52	8	0.672043
Instant	28
1	502	28	3	0.691244
2	13	13	0	0
3	25	68	18	8.30816
4	358	13	0	0
11	22	18	0	0
12	26	58	11	0.347222
13	5	13	0	0
14	12	51	8	0.796236
Instant	29
1	598	28	1	0
2	22	13	0	0
3	30	74	20	4.38462
4	331	13	0	0
11	25	18	0	0
12	31	44	13	0.413603
13	5	13	0	0
14	11	52	6	0.78064
Instant	30
1	501	30	2	0.665188
2	24	13	0	0
3	30	75	14	5.61594
4	305	13	0	0
11	23	17	0	0
12	27	56	8	0.367647
13	5	13	0	0
14	10	52	8	0.935374
Instant	31
1	569	29	2	0.310559
2	18	13	0	0
3	27	67	17	5.91641
4	336	13	0	0
11	24	18	0	0
12	23	66	14	0.591216
13	5	13	0	0
14	11	49	7	0.747492
Instant	32
1	595	28	2	0.0496032
2	15	13	0	0
3	31	75	13	8.56199
4	340	13	0	0
11	25	18	0	0
12	21	49	11	0.827206
13	5	13	0	0
14	11	50	9	0.748474
Instant	33
1	536	28	2	0.373134
2	22	13	0	0
3	32	75	13	3.83085
4	319	13	0	0
11	23	19	1	0
12	26	57	8	0.413603
13	5	13	0	0
14	10	56	8	0.970528
Instant	34
1	553	28	1	0.375536
2	14	13	0	0
3	23	62	30	7.12366
4	319	13	0	0
11	24	18	0	0
12	23	54	12	0.422297
13	4	13	0	0
14	10	52	8	0.794621
Instant	35
1	521	28	1	0.682773
2	30	13	0	0
3	25	66	21	7.27593
4	318	13	0	0
11	24	18	1	0
12	28	65	9	0.367647
13	5	13	0	0
14	10	53	8	0.747863
Instant	36
1	650	26	1	0.26178
2	29	13	0	0
3	25	64	21	9.24437
4	311	13	0	0
11	29	18	0	0
12	34	63	8	0
13	5	13	0	0
14	10	48	8	0.807292
Instant	37
1	645	28	3	0.553506
2	30	13	0	0
3	39	73	20	5.73689
4	327	13	0	0
11	27	19	1	0
12	26	49	6	0.260417
13	5	13	0	0
14	11	52	10	0.860024
Instant	38
1	674	28	2	0.260417
2	27	13	0	0
3	31	72	17	5.88392
4	336	13	0	0
11	29	18	0	0
12	12	58	8	0.965074
13	5	13	0	0
14	11	51	8	0.750097
Instant	39
1	595	28	2	0.908222
2	37	13	0	0
3	22	76	15	5.96009
4	313	13	0	0
11	27	18	0	0
12	24	52	6	0.873162
13	4	13	0	0
14	10	52	9	0.875567
Instant	40
1	633	29	2	0.0457875
2	24	13	0	0
3	27	72	19	6.23145
4	311	13	0	0
11	27	17	0	0
12	23	62	10	0.211149
13	5	13	0	0
14	10	52	8	0.964748
Instant	41
1	621	27	2	0.141243
2	32	13	0	0
3	31	73	17	5.52017
4	323	13	0	0
11	27	19	1	0
12	20	59	8	0.689338
13	4	13	0	0
14	10	48	9	0.854317
Instant	42
1	571	28	1	0
2	26	13	0	0
3	30	67	21	8.82498
4	310	13	0	0
11	25	17	0	0
12	30	56	10	0.551471
13	5	13	0	0
14	10	52	9	0.86675
Instant	43
1	564	31	2	0.320513
2	29	13	0	0
3	20	72	20	4.5552
4	301	13	0	0
11	24	18	0	0
12	14	57	9	0.506757
13	4	13	0	0
14	10	54	8	0.813008
Instant	44
1	552	27	1	0.308008
2	18	13	0	0
3	29	75	17	7.11009
4	311	13	0	0
11	24	18	1	0
12	15	53	11	1.19485
13	5	13	0	0
14	10	53	7	0.827052
Instant	45
1	585	28	2	0.60241
2	24	13	0	0
3	24	73	21	6
4	321	13	0	0
11	25	17	0	0
12	16	54	13	1.05699
13	5	13	0	0
14	10	52	8	0.791012
Instant	46
1	531	29	2	0.709607
2	37	13	0	0
3	30	73	18	5.15752
4	330	13	0	0
11	23	17	0	0
12	30	51	10	0.211149
13	5	13	0	0
14	11	49	8	0.821527
Instant	47
1	527	29	1	0.647948
2	32	13	0	0
3	27	70	25	5.85655
4	337	13	0	0
11	23	17	0	0
12	19	47	10	0.735294
13	5	13	0	0
14	11	52	9	0.783063
Instant	48
1	573	29	2	0
2	35	13	0	0
3	25	73	17	8.41321
4	341	13	0	0
11	25	18	1	0
12	35	55	6	0
13	4	13	0	0
14	11	50	7	0.799087
Instant	49
1	564	29	2	0.625
2	24	13	0	0
3	35	69	18	6.26218
4	344	13	0	0
11	24	17	0	0
12	18	60	8	0.558036
13	5	13	0	0
14	12	51	8	0.84275
Instant	50
1	578	29	1	0
2	15	13	0	0
3	39	83	14	6.41791
4	312	13	0	0
11	25	19	1	0
12	29	53	11	0.321691
13	5	13	0	0
14	10	53	9	0.831255
Instant	51
1	485	30	2	0.817757
2	22	13	0	0
3	28	70	20	5.87474
4	308	13	0	0
11	21	18	0	0
12	32	62	9	0.229779
13	5	13	0	0
14	10	54	8	0.842815
Instant	52
1	510	29	2	0.388027
2	20	13	0	0
3	34	74	19	5.52268
4	325	13	0	0
11	23	17	0	0
12	19	70	9	0.824653
13	5	13	0	0
14	11	51	8	0.758483
Instant	53
1	498	29	2	0.752315
2	22	13	0	0
3	27	74	17	8.28092
4	334	13	0	0
11	21	19	1	0
12	20	67	13	0.505515
13	4	13	0	0
14	11	54	9	0.624512
Instant	54
1	515	29	2	0.656455
2	24	13	0	0
3	24	81	27	5.28646
4	317	13	0	0
11	23	18	0	0
12	26	69	9	0.459559
13	5	13	0	0
14	10	51	8	0.799715
Instant	55
1	626	27	1	0
2	23	13	0	0
3	37	76	18	6.71795
4	328	13	0	0
11	27	18	0	0
12	21	69	10	0.802365
13	5	13	0	0
14	11	52	8	0.622776
Instant	56
1	539	29	2	0.715859
2	23	13	0	0
3	32	80	15	7.29167
4	314	13	0	0
11	23	18	0	0
12	13	42	16	0.78125
13	5	13	0	0
14	10	51	8	0.757108
Instant	57
1	592	29	1	0
2	20	13	0	0
3	22	67	23	5.22186
4	338	13	0	0
11	25	18	1	0
12	31	60	12	0.321691
13	4	13	0	0
14	12	51	8	0.710445
Instant	58
1	535	30	2	0.792812
2	24	13	0	0
3	35	71	18	4.79798
4	343	13	0	0
11	24	18	1	0
12	34	62	9	0.126689
13	5	13	0	0
14	12	50	8	0.789822
Instant	59
1	660	28	2	0.259516
2	16	13	0	0
3	27	68	19	8.09969
4	315	13	0	0
11	29	17	0	0
12	30	60	13	0.321691
13	4	13	0	0
14	10	53	9	0.778051
Instant	60
1	550	31	2	1.22699
2	17	13	0	0
3	23	72	18	7.25458
4	322	13	0	0
11	25	18	0	0
12	26	65	9	0.413603
13	4	13	0	0
14	11	52	8	0.719605
Instant	61
1	654	28	2	0
2	26	13	0	0
3	30	76	18	7.30111
4	347	13	0	0
11	28	18	1	0
12	27	43	9	0.297619
13	5	13	0	0
14	12	50	9	0.674916
Instant	62
1	547	29	2	0.688559
2	24	13	0	0
3	37	69	21	5.36427
4	315	13	0	0
11	24	19	1	0
12	17	51	9	0.78125
13	5	13	0	0
14	10	53	7	0.849815
Instant	63
1	612	27	1	0.287356
2	22	13	0	0
3	27	78	20	5.88542
4	346	13	0	0
11	26	21	1	0
12	31	75	8	0.551471
13	5	13	0	0
14	12	49	8	0.810836
Instant	64
1	638	28	1	0
2	27	13	0	0
3	31	75	15	6.15942
4	314	13	0	0
11	27	19	1	0
12	23	55	13	0.337838
13	5	13	0	0
14	10	50	8	0.751957
Instant	65
1	590	29	2	0.343137
2	26	13	0	0
3	33	71	19	5.09684
4	337	13	0	0
11	26	18	0	0
12	34	64	8	0.275735
13	5	13	0	0
14	11	51	8	0.736143
Instant	66
1	658	27	2	0.308642
2	19	13	0	0
3	27	74	15	5.5914
4	328	13	0	0
11	29	18	0	0
12	18	70	9	0.873162
13	4	13	0	0
14	11	51	7	0.92812
Instant	67
1	660	29	2	0
2	17	13	0	0
3	31	62	21	7.67677
4	335	13	0	0
11	28	18	1	0
12	19	53	12	0.633446
13	5	13	0	0
14	11	50	8	0.728438
Instant	68
1	647	29	2	0
2	24	13	0	0
3	29	65	18	7.3499
4	304	13	0	0
11	28	18	0	0
12	27	51	8	0.341797
13	5	13	0	0
14	9	52	8	0.932438
Instant	69
1	585	30	2	0.15213
2	37	13	0	0
3	30	69	19	3.66044
4	337	13	0	0
11	25	18	0	0
12	18	49	16	0.735294
13	5	13	0	0
14	12	51	9	0.656885
Instant	70
1	538	27	2	0.957447
2	23	13	0	0
3	30	75	16	6.33838
4	307	13	0	0
11	24	18	0	0
12	16	49	14	0.717905
13	5	13	0	0
14	10	53	7	0.774336
Instant	71
1	605	28	1	0.0478927
2	26	13	0	0
3	33	70	17	6.8002
4	309	13	0	0
11	26	18	0	0
12	8	82	17	1.24081
13	5	13	0	0
14	10	54	9	0.844878
Instant	72
1	578	27	1	0.300601
2	31	13	0	0
3	33	82	19	7.93651
4	338	13	0	0
11	25	18	0	0
12	34	66	9	0.331439
13	5	13	0	0
14	11	49	8	0.846805
Instant	73
1	621	28	1	0
2	34	13	0	0
3	32	66	19	5.32191
4	352	13	0	0
11	27	18	0	0
12	20	81	6	0.457317
13	5	13	0	0
14	12	50	7	0.640671
Instant	74
1	516	29	3	0.720621
2	33	13	0	0
3	29	75	13	7.84465
4	314	13	0	0
11	23	17	0	0
12	31	55	14	0.137868
13	5	13	0	0
14	10	51	10	0.954002
Instant	75
1	582	28	1	0
2	36	13	0	0
3	30	83	15	5.49591
4	307	13	0	0
11	25	19	0	0
12	16	69	14	0.757576
13	5	13	0	0
14	10	53	7	0.800674
Instant	76
1	584	28	2	0.305499
2	32	13	0	0
3	30	74	16	6.68724
4	313	13	0	0
11	24	18	0	0.297619
12	23	67	10	0.737847
13	5	13	0	0
14	10	48	9	0.833333
Instant	77
1	481	28	2	1.24434
2	30	13	0	0
3	31	74	20	4.21598
4	309	13	0	0
11	22	19	1	0
12	21	52	10	0.341797
13	5	13	0	0
14	10	54	9	0.921273
Instant	78
1	501	30	2	0.470588
2	21	13	0	0
3	26	77	17	4.79103
4	318	13	0	0
11	21	18	1	0
12	24	48	7	0.683594
13	5	13	0	0
14	10	50	8	0.917993
Instant	79
1	529	29	3	0.590129
2	15	13	0	0
3	27	77	14	6.85005
4	317	13	0	0
11	24	18	1	0
12	22	53	12	0.591216
13	4	13	0	0
14	10	50	8	0.832312
Instant	80
1	540	30	2	0.324675
2	27	13	0	0
3	29	68	21	8.70647
4	331	13	0	0
11	23	18	0	0
12	24	57	8	0.473485
13	5	13	0	0
14	11	52	8	0.729534
Instant	81
1	579	29	2	0
2	20	13	0	0
3	31	73	19	6.34532
4	318	13	0	0
11	25	17	0	0
12	15	65	10	0.757576
13	4	13	0	0
14	10	50	8	0.958792
Instant	82
1	504	29	2	0.554324
2	21	13	0	0
3	33	69	21	6.57242
4	331	13	0	0
11	22	17	0	0
12	22	65	5	0.669643
13	5	13	0	0
14	11	48	8	0.743349
Instant	83
1	505	28	1	1.03211
2	20	13	0	0
3	27	71	14	5.99112
4	327	13	0	0
11	22	18	0	0
12	21	67	12	0.473485
13	5	13	0	0
14	11	53	9	0.776583
Instant	84
1	471	30	2	1.17647
2	23	13	0	0
3	31	69	16	5.96677
4	306	13	0	0
11	21	17	0	0
12	29	55	9	0.426136
13	5	13	0	0
14	10	51	8	0.942397
Instant	85
1	562	28	2	0.309278
2	24	13	0	0
3	30	70	18	3.87888
4	308	13	0	0
11	24	17	0	0
12	34	65	11	0
13	5	13	0	0
14	10	51	7	0.834383
Instant	86
1	614	27	1	0
2	32	13	0	0
3	47	76	27	8.97044
4	304	13	0	0
11	26	17	0	0
12	23	63	16	0.551471
13	5	13	0	0
14	9	50	9	0.961947
Instant	87
1	563	28	1	0.31185
2	41	13	0	0
3	28	72	13	6.73272
4	323	13	0	0
11	24	17	0	0
12	20	61	15	0.873162
13	5	13	0	0
14	11	50	9	0.920894
Instant	88
1	597	28	2	0
2	24	13	0	0
3	27	72	18	6.36315
4	329	13	0	0
11	26	18	0	0
12	21	61	12	0.760135
13	5	13	0	0
14	11	51	8	0.655819
Instant	89
1	618	28	2	0
2	27	13	0	0
3	33	74	21	7.16068
4	321	13	0	0
11	26	17	0	0
12	20	54	17	0.597426
13	5	13	0	0
14	11	50	8	0.736481
Instant	90
1	606	28	1	0
2	25	13	0	0
3	23	77	17	5.14862
4	311	13	0	0
11	26	18	1	0
12	24	72	14	0.341797
13	5	13	0	0
14	10	50	8	0.942708
Instant	91
1	566	27	1	0.307377
2	21	13	0	0
3	38	72	18	6.41593
4	327	13	0	0
11	24	18	0	0
12	23	55	12	0.633446
13	5	13	0	0
14	11	52	9	0.770684
Instant	92
1	607	28	1	0
2	25	13	0	0
3	35	75	15	5.66271
4	315	13	0	0
11	26	18	0	0
12	18	68	18	0.852273
13	5	13	0	0
14	10	53	9	0.764573
Instant	93
1	603	28	1	0
2	23	13	0	0
3	34	71	17	6.59938
4	310	13	0	0
11	27	18	0	0
12	12	77	7	0.61553
13	5	13	0	0
14	10	51	10	0.761368
Instant	94
1	573	29	2	0.3
2	30	13	0	0
3	24	65	22	4.38197
4	311	13	0	0
11	25	18	0	0
12	24	66	16	0.929054
13	5	13	0	0
14	10	51	8	1.0233
Instant	95
1	610	28	2	0
2	34	13	0	0
3	25	72	27	7.84946
4	315	13	0	0
11	26	18	0	0
12	32	65	8	0.183824
13	4	13	0	0
14	10	49	9	0.817996
Instant	96
1	564	31	2	0
2	25	13	0	0
3	35	73	24	3.77451
4	309	13	0	0
11	25	18	0	0
12	14	43	8	0.827206
13	5	13	0	0
14	10	48	9	0.919504
Instant	97
1	562	29	2	0.32538
2	12	13	0	0
3	34	71	20	8.84774
4	329	13	0	0
11	23	18	1	0
12	18	63	16	0.533537
13	5	13	0	0
14	11	50	9	0.633844
Instant	98
1	604	28	2	0
2	16	13	0	0
3	34	78	14	6.74603
4	340	13	0	0
11	27	18	0	0
12	34	69	11	0.367647
13	5	13	0	0
14	12	47	7	0.69763
Instant	99
1	592	29	2	0
2	35	13	0	0
3	19	72	16	4.71014
4	350	14	0	0
11	25	18	0	0
12	19	60	11	0.919118
13	5	13	0	0
14	11	50	7	0.81391
Instant	100
1	592	29	2	0
2	28	13	0	0
3	36	74	14	6.81358
4	324	13	0	0
11	25	18	0	0
12	29	54	12	0.211149
13	5	13	0	0
14	11	50	8	0.734412
Instant	101
1	577	28	2	0.29703
2	25	13	0	0
3	25	82	15	6.09453
4	338	13	0	0
11	25	18	0	0
12	27	57	9	0.321691
13	5	13	0	0
14	12	52	8	0.656885
Instant	102
1	572	27	2	0.31185
2	24	13	0	0
3	25	67	22	6.64523
4	311	13	0	0
11	24	18	1	0
12	25	56	12	0.505515
13	4	13	0	0
14	10	52	8	0.735904
Instant	103
1	579	27	1	0.293542
2	35	13	0	0
3	29	73	16	6.80166
4	311	13	0	0
11	26	18	1	0
12	22	66	11	0.506757
13	5	13	0	0
14	10	50	9	0.893599
Instant	104
1	606	28	1	0
2	23	13	0	0
3	32	69	22	6.33947
4	327	13	0	0
11	26	17	0	0
12	7	44	21	0.965074
13	4	13	0	0
14	11	51	9	0.814462
Instant	105
1	626	28	2	0
2	17	13	0	0
3	32	74	20	5.70041
4	317	13	0	0
11	26	17	0	0
12	21	63	11	0.965074
13	5	13	0	0
14	10	54	11	0.770094
Instant	106
1	600	28	1	0
2	24	13	0	0
3	26	71	15	6.94006
4	322	13	0	0
11	26	18	1	0
12	25	52	12	0.422297
13	5	13	0	0
14	11	52	8	0.77531
Instant	107
1	508	29	2	0.394144
2	16	13	0	0
3	27	75	22	7.92806
4	311	13	0	0
11	22	18	1	0
12	25	61	10	0.551471
13	5	13	0	0
14	10	50	7	0.935801
Instant	108
1	541	29	2	0.636943
2	28	13	0	0
3	26	70	20	4.52899
4	318	13	0	0
11	24	18	1	0
12	11	42	11	0.965074
13	5	13	0	0
14	10	50	8	0.849613
Instant	109
1	592	29	1	0
2	42	13	0	0
3	30	71	25	6.28788
4	330	14	0	0
11	26	18	0	0
12	15	53	11	0.744048
13	5	13	0	0
14	11	48	8	0.766509
Instant	110
1	552	29	1	0.315126
2	27	13	0	0
3	38	73	17	4.71125
4	319	13	0	0
11	24	19	1	0
12	35	61	12	0
13	5	13	0	0
14	10	52	7	0.76541
Instant	111
1	610	28	2	0
2	24	13	0	0
3	28	74	20	5.89947
4	319	13	0	0
11	26	18	0	0
12	22	57	9	0.459559
13	5	13	0	0
14	10	48	8	0.759417
Instant	112
1	585	27	1	0.294118
2	28	13	0	0
3	27	73	22	6.14035
4	331	13	0	0
11	26	18	0	0
12	1	70	31	1.68919
13	4	13	0	0
14	11	53	8	0.73443
Instant	113
1	571	29	1	0.3125
2	33	13	0	0
3	26	71	21	7.51323
4	325	13	0	0
11	24	17	0	0
12	9	54	15	0.873162
13	5	13	0	0
14	11	53	9	0.728543
Instant	114
1	592	29	2	0
2	22	13	0	0
3	30	71	16	5.62701
4	323	13	0	0
11	26	18	1	0
12	18	70	7	1.01103
13	4	13	0	0
14	11	46	7	0.765306
Instant	115
1	565	27	2	0
2	22	13	0	0
3	31	65	21	10.3774
4	307	13	0	0
11	24	19	1	0
12	24	57	8	0.591216
13	4	13	0	0
14	9	50	8	1.00978
Instant	116
1	552	31	2	0.682773
2	24	13	0	0
3	31	74	21	6.01852
4	343	13	0	0
11	24	18	0	0
12	29	51	13	0.367647
13	5	13	0	0
14	12	52	7	0.683371
Instant	117
1	606	28	1	0.286807
2	20	13	0	0
3	35	78	17	5.61538
4	315	13	0	0
11	26	17	0	0
12	26	51	8	0.367647
13	5	13	0	0
14	10	50	8	0.883374
Instant	118
1	588	29	2	0
2	25	13	0	0
3	31	69	20	5.9562
4	304	13	0	0
11	26	18	0	0
12	9	66	15	1.01351
13	4	13	0	0
14	10	53	9	0.896287
Instant	119
1	576	27	2	0.663265
2	34	13	0	0
3	31	70	22	4.72046
4	348	13	0	0
11	24	18	0	0
12	22	55	9	0.597426
13	4	13	0	0
14	12	49	7	0.668724
