11 11 14 16 12 15 15 13 13 16
11 11 14 16 12 15 15 13 13 16
11 11 14 16 12 15 15 13 13 16
11 11 14 16 12 15 15 13 13 16
11 11 14 16 12 15 15 13 13 16
11 11 14 16 12 15 15 13 13 16
11 11 14 16 12 15 15 13 13 16
11 11 14 16 12 15 15 13 13 16
11 11 14 16 12 15 15 13 13 16
11 11 14 16 12 15 15 13 13 16
11 11 14 16 12 15 15 13 13 16
11 11 14 16 12 15 15 13 13 16
11 11 14 16 12 15 15 13 13 16
11 11 14 16 12 15 15 13 13 16
11 11 14 16 12 15 15 13 13 16
11 11 14 16 12 15 15 13 13 16
11 11 14 16 12 15 15 13 13 16
11 11 14 16 12 15 15 13 13 16
11 11 14 16 12 15 15 13 13 16
11 11 14 16 12 15 15 13 13 16
11 11 14 14 12 15 15 13 13 16
11 11 14 14 12 15 15 13 13 16
11 11 14 14 12 15 15 13 13 16
11 11 14 14 12 15 15 13 13 16
11 11 14 14 12 11 11 13 13 16
11 11 14 14 12 11 11 13 13 16
11 11 14 14 12 11 11 13 13 16
11 11 14 14 12 11 11 13 13 16
11 11 14 14 12 11 11 13 13 16
11 11 14 14 12 11 11 13 13 16
11 11 14 14 12 11 11 13 13 16
11 11 14 14 12 11 11 13 13 16
11 11 14 14 12 11 11 13 13 16
11 11 14 14 12 11 11 13 13 16
11 11 14 14 12 11 11 13 13 16
11 11 14 14 12 11 11 13 13 16
11 11 14 14 12 11 11 11 13 16
11 11 14 14 12 11 11 11 13 16
11 11 14 14 12 11 11 11 13 16
11 11 14 14 12 11 11 11 13 16
11 11 14 14 12 11 11 11 11 11
11 11 14 14 12 11 11 11 11 11
11 11 14 14 12 11 11 11 11 11
11 11 14 14 12 11 11 11 11 11
11 14 14 14 12 11 11 11 11 11
11 14 14 14 12 11 11 11 11 11
11 14 14 14 12 11 11 11 11 11
11 14 14 14 12 11 11 11 11 11
12 14 13 13 13 11 11 11 11 11
12 14 13 13 13 11 11 11 11 11
12 14 13 13 13 11 11 11 11 11
12 14 13 13 13 11 11 11 11 11
12 14 13 13 13 11 11 11 11 11
12 14 13 13 13 11 11 11 11 11
12 14 13 13 13 11 11 11 11 11
12 14 13 13 13 11 11 11 11 11
12 14 13 13 13 11 11 11 11 11
12 14 13 13 13 11 11 11 11 11
12 14 13 13 13 11 11 11 11 11
12 14 13 13 13 11 11 11 11 11
12 14 13 13 13 15 15 15 16 11
12 14 13 13 13 15 15 15 16 11
12 14 13 13 13 15 15 15 16 11
12 14 13 13 13 15 15 15 16 11
12 14 13 13 13 15 15 15 16 11
12 14 13 13 13 15 15 15 16 11
12 14 13 13 13 15 15 15 16 11
12 14 13 13 13 15 15 15 16 11
12 16 13 13 15 15 15 15 16 11
12 16 13 13 15 15 15 15 16 11
12 16 13 13 15 15 15 15 16 11
12 16 13 13 15 15 15 15 16 11
12 16 13 13 15 15 15 15 16 11
12 16 13 13 15 15 15 15 16 11
12 16 13 13 15 15 15 15 16 11
12 16 13 13 15 15 15 15 16 11
12 16 13 13 16 16 15 15 16 11
12 16 13 13 16 16 15 15 16 11
12 16 13 13 16 16 15 15 16 11
12 16 13 13 16 16 15 15 16 11
12 16 13 13 16 16 15 15 16 16
12 16 13 13 16 16 15 15 16 16
12 16 13 13 16 16 15 15 16 16
12 16 13 13 16 16 15 15 16 16
12 16 13 13 16 16 15 15 16 16
12 16 13 13 16 16 15 15 16 16
12 16 13 13 16 16 15 15 16 16
12 16 13 13 16 16 15 15 16 16
12 16 13 13 16 16 15 15 16 16
12 16 13 13 16 16 15 15 16 16
12 16 13 13 16 16 15 15 16 16
12 16 13 13 16 16 15 15 16 16
12 16 13 13 16 16 15 15 16 16
12 16 13 13 16 16 15 15 16 16
12 16 13 13 16 16 15 15 16 16
12 16 13 13 16 16 15 15 16 16
12 16 13 13 16 16 15 15 16 16
12 16 13 13 16 16 15 15 16 16
12 16 13 13 16 16 15 15 16 16
12 16 13 13 16 16 15 15 16 16
