11 11 11 16 12 15 15 13 13 16
11 11 11 16 12 15 15 13 13 16
11 11 11 16 12 15 15 13 13 16
11 11 11 16 12 15 15 13 13 16
11 11 11 16 12 15 15 13 13 16
11 11 11 16 12 15 15 13 13 16
11 11 11 16 12 11 11 13 13 16
11 11 11 13 12 11 11 13 13 16
11 11 11 13 12 11 11 13 13 16
11 11 11 13 12 11 11 11 13 16
11 11 11 13 12 11 11 11 11 16
11 11 11 13 12 11 11 11 11 16
12 16 13 13 16 11 11 11 11 16
12 16 13 13 16 11 11 11 11 16
12 16 13 13 16 11 11 11 11 16
12 16 13 13 16 11 15 15 16 16
12 16 13 13 16 11 15 15 16 16
12 16 13 13 16 11 15 15 16 16
12 16 13 13 16 11 15 15 16 16
12 16 13 13 16 15 15 15 16 11
12 16 13 13 16 15 15 15 16 11
12 16 13 13 16 15 15 15 16 11
12 16 13 13 16 15 15 15 16 11
12 16 13 13 16 15 15 15 16 11
12 16 13 13 16 15 15 15 16 11






